528 503
548 523
389 414
446 421
552 553
154 155
173 174
373 348
567 542
44 43
370 345
546 547
204 229
404 429
240 215
364 389
612 611
513 512
377 376
468 443
410 435
243 218
347 322
580 581
188 163
61 36
545 546
93 68
84 83
94 69
7 8
619 618
314 339
155 156
150 175
605 580
118 93
385 360
459 458
167 168
107 108
44 69
335 334
251 276
196 197
501 502
212 187
251 250
269 270
332 331
125 150
391 416
366 367
65 40
515 540
248 273
34 9
480 479
198 173
463 488
111 86
524 499
28 27
323 324
198 199
146 147
133 158
416 415
103 102
457 482
57 82
88 113
535 560
181 180
605 606
481 456
127 102
470 445
229 254
169 170
386 385
383 384
153 152
541 542
36 37
474 473
126 125
534 509
154 129
591 592
161 186
209 234
88 87
61 60
161 136
472 447
239 240
102 101
342 343
566 565
567 568
41 42
154 153
471 496
358 383
423 448
241 242
292 293
363 364
361 362
258 283
75 100
61 86
81 106
52 27
230 255
309 334
378 379
136 111
439 464
532 533
166 191
523 522
210 211
115 140
347 346
218 217
561 560
526 501
174 149
258 259
77 52
36 11
307 306
577 552
62 61
450 425
569 570
268 293
79 78
233 208
571 570
534 535
527 552
224 199
409 408
521 520
621 622
493 518
107 106
511 510
298 299
224 249
405 380
236 237
120 121
393 418
206 231
287 288
593 568
34 59
483 484
226 227
73 74
276 277
588 587
288 313
410 385
506 505
597 598
337 312
55 56
300 325
135 134
4 29
501 500
438 437
311 312
598 599
320 345
211 236
587 562
74 99
473 498
278 279
394 369
123 148
233 232
252 277
177 202
160 185
331 356
192 191
119 118
576 601
317 316
462 487
42 43
336 311
515 490
13 14
210 235
473 448
342 341
340 315
413 388
514 515
144 143
146 145
541 566
128 103
184 159
488 489
454 455
82 83
70 45
221 222
241 240
412 411
591 590
592 593
276 301
452 453
256 255
397 372
201 200
232 207
466 465
561 586
417 442
409 434
238 239
389 390
26 1
510 485
283 282
281 306
449 474
324 349
121 146
111 112
434 435
507 508
103 104
319 294
455 480
558 557
291 292
553 578
392 391
552 551
55 80
538 539
367 392
340 365
272 297
266 265
401 376
279 280
516 515
178 177
572 571
154 179
263 262
6 31
323 348
481 506
178 179
526 527
444 469
273 274
132 133
275 300
261 236
344 369
63 38
5 30
301 300
86 87
9 10
344 319
428 427
400 375
350 375
616 615
381 380
58 59
492 493
555 556
459 434
368 369
407 382
166 141
70 95
380 355
34 35
49 24
126 127
403 378
509 484
613 588
143 168
406 431
263 238
595 596
218 193
183 182
195 220
381 406
64 65
371 372
531 506
218 219
144 145
475 450
547 548
363 362
337 362
214 239
110 111
600 575
105 106
147 148
599 574
622 623
319 320
36 35
258 233
266 267
481 480
414 439
169 168
479 478
224 223
181 182
351 326
466 441
85 60
140 165
91 90
263 264
188 187
446 447
607 606
341 316
143 142
443 442
354 353
162 137
281 256
549 574
407 408
575 550
171 170
389 388
390 391
250 225
536 537
227 228
84 59
139 140
485 484
573 598
356 381
314 315
299 324
370 395
166 165
63 62
507 506
426 425
545 570
376 375
572 597
278 277
303 302
190 165
230 205
175 200
529 528
18 17
458 457
514 513
617 616
162 161
471 472
81 56
182 207
539 564
596 621
64 39
554 555
351 376
304 329
123 122
135 160
157 132
599 624
451 426
162 187
502 477
508 483
303 328
551 576
161 160
465 490
3 2
138 113
309 284
452 451
540 565
210 185
350 325
383 382
2 1
598 623
97 72
485 460
315 316
19 20
31 32
546 521
320 321
29 54
330 331
92 67
274 249
22 47
304 279
493 468
424 423
164 165
269 268
445 446
228 203
390 365
283 308
374 399
361 386
94 119
237 262
295 270
400 425
360 335
469 468
189 188
377 352
67 42
616 591
442 467
558 533
3 28
476 477
257 258
280 281
517 542
505 504
302 301
14 15
523 498
393 368
46 71
141 142
477 452
232 231
5 6
75 50
278 253
584 559
503 504
281 282
19 44
411 410
290 265
579 554
65 66
9 8
484 459
427 402
195 196
617 618
418 443
268 243
92 117
290 315
562 561
488 487
578 603
80 79
77 78
246 271
95 96
234 233
530 555
543 568
396 397
22 23
29 28
12 13
217 216
357 332
543 518
151 176
69 70
556 557
247 248
513 538
204 205
604 605
528 527
284 285
486 511
372 347
129 104
349 374
313 314
354 329
294 293
377 378
291 290
433 408
57 56
215 190
569 594
466 491
21 46
563 538
297 298
607 582
553 554
225 200
33 34
52 51
620 595
585 610
269 244
609 584
109 84
247 246
562 537
172 197
264 265
129 130
89 114
51 76
54 53
494 493
158 183
358 359
285 260
343 318
348 347
615 614
494 495
23 24
22 21
41 40
245 220
411 436
608 609
358 333
418 419
430 429
130 131
115 90
296 271
229 228
195 170
487 486
142 117
582 583
7 32
387 388
420 421
327 352
39 14
473 472
525 526
382 381
222 197
610 609
339 338
247 222
48 23
46 45
25 0
123 124
496 495
496 497
139 114
16 41
371 370
577 602
423 422
71 72
608 583
474 499
601 600
288 289
455 430
559 534
310 285
238 213
195 194
432 457
519 518
453 428
399 398
17 16
519 544
285 286
439 438
25 50
440 415
589 588
587 612
184 183
461 436
124 99
116 91
98 97
176 175
3 components